5.000000000000000000e+09 1.648388254141628455e-33
5.046310954935241699e+09 1.735362430902644625e-33
5.093050850779886246e+09 1.851449147814523162e-33
5.140223660466537476e+09 1.910328662210734610e-33
5.187833393725923538e+09 1.970514401581791409e-33
5.235884097427600861e+09 2.031999596784625705e-33
5.284379855924024582e+09 2.094774401895712716e-33
5.333324791397704124e+09 2.158825665390842999e-33
5.382723064211567879e+09 2.224136690210684094e-33
5.432578873262685776e+09 2.290686982093934523e-33
5.482896456339048386e+09 2.358451986552838090e-33
5.533680090479871750e+09 2.427402812437612977e-33
5.584934092339123726e+09 2.497505943699789366e-33
5.636662818552423477e+09 2.568722938102273630e-33
5.688870666107450485e+09 2.641010112281400782e-33
5.741562072717555046e+09 2.714318213198577267e-33
5.794741517199058533e+09 2.788592075516246750e-33
5.848413519851934433e+09 2.863770266069034216e-33
5.902582642844015121e+09 2.939784711736381148e-33
5.957253490598873138e+09 3.017327039225532306e-33
6.012430710187060356e+09 3.102734147655968186e-33
6.068118991721207619e+09 3.204157900142687832e-33
6.124323068754665375e+09 3.319412540298767865e-33
6.181047718683832169e+09 3.441588650494382766e-33
6.238297763154341698e+09 3.568594717402729528e-33
6.296078068470753670e+09 3.700623361518097246e-33
6.354393546010296822e+09 3.837884674148682299e-33
6.413249152640312195e+09 3.980597904242806905e-33
6.472649891139566422e+09 4.128991870659727862e-33
6.532600810623599052e+09 4.283047720328456266e-33
6.593107006973741531e+09 4.440211355973277028e-33
6.654173623270379066e+09 4.596626248601239822e-33
6.715805850230089188e+09 4.753052241035819068e-33
6.778008926646829605e+09 4.913084089484770202e-33
6.840788139837351799e+09 5.078206754669239256e-33
6.904148826090460777e+09 5.248584445666720174e-33
6.968096371120716095e+09 5.424371140932112251e-33
7.032636210526195526e+09 5.605724721833216346e-33
7.097773830250492096e+09 5.792807042269259015e-33
7.163514767049146652e+09 5.985889789902845385e-33
7.229864608960097313e+09 6.186688798350226290e-33
7.296828995778787613e+09 6.397971064309783393e-33
7.364413619537523270e+09 6.619944594274518090e-33
7.432624224989269257e+09 6.850754073534388717e-33
7.501466610096082687e+09 7.089698117061828651e-33
7.570946626521759033e+09 7.337044257482425690e-33
7.641070180129353523e+09 7.593090787274603717e-33
7.711843231483151436e+09 7.858146698874988893e-33
7.783271796355293274e+09 8.132532078637208809e-33
7.855361946237242699e+09 8.416553456346365967e-33
7.928119808855684280e+09 8.710039372694917176e-33
8.001551568693507195e+09 9.012357174091735014e-33
8.075663467515463829e+09 9.323737392702337485e-33
8.150461804898688316e+09 9.645320721359251701e-33
8.225952938768302917e+09 9.977898553325122448e-33
8.302143285937646866e+09 1.032185958415205699e-32
8.379039322653842926e+09 1.067759006030834866e-32
8.456647585148251534e+09 1.104548920266834801e-32
8.534974670192021370e+09 1.142596963494572898e-32
8.614027235656959534e+09 1.181946210455932011e-32
8.693812001081251144e+09 1.222653964001700968e-32
8.774335748240758896e+09 1.264794979370839562e-32
8.855605321725450516e+09 1.308424172992152333e-32
8.937627629521158218e+09 1.353568385251183041e-32
9.020409643596902847e+09 1.400264405747612051e-32
9.103958400497310638e+09 1.448564506848046574e-32
9.188281001940860748e+09 1.498523529728414660e-32
9.273384615423505783e+09 1.550198180850352683e-32
9.359276474827875137e+09 1.603647094292176217e-32
9.445963881038320541e+09 1.658930881866863164e-32
9.533454202561258316e+09 1.716111413652542714e-32
9.621754876151660919e+09 1.775251412812694186e-32
9.710873407445140839e+09 1.836417064658797255e-32
9.800817371595907211e+09 1.899679181572746343e-32
9.891594413920810699e+09 1.965110522668904813e-32
9.983212250548965454e+09 2.032785182869713783e-32
1.007567866907779121e+10 2.102779679917497669e-32
1.016900152923491859e+10 2.175173126280623704e-32
1.026318876354623795e+10 2.250047316739726085e-32
1.035824837801033211e+10 2.327486751247802429e-32
1.045418845277874947e+10 2.407571903068272124e-32
1.055101714284298134e+10 2.490372282659438269e-32
1.064874267872761536e+10 2.575970242094080891e-32
1.074737336718987846e+10 2.664476876513471073e-32
1.084691759192590904e+10 2.756004627190445512e-32
1.094738381428310204e+10 2.850657333559790169e-32
1.104878057397951508e+10 2.948540947550621728e-32
1.115111648982970238e+10 3.049764984455745134e-32
1.125440026047728348e+10 3.154442642559850464e-32
1.135864066513451195e+10 3.262690936177425060e-32
1.146384656432824135e+10 3.374633727546300006e-32
1.157002690065326881e+10 3.490406453191683096e-32
1.167719069953240776e+10 3.610145295713220187e-32
1.178534706998361397e+10 3.733976967029437905e-32
1.189450520539445305e+10 3.862032409541893524e-32
1.200467438430325699e+10 3.994453689178008370e-32
1.211586397118800163e+10 4.131388664238556056e-32
1.222808341726224327e+10 4.272990162798761946e-32
1.234134226127843475e+10 4.419416146740314257e-32
1.245565013033892822e+10 4.570829877466002356e-32
1.257101674071398163e+10 4.727384285099963624e-32
1.268745189866785622e+10 4.889185621959197443e-32
1.280496550129230881e+10 5.056358846555998283e-32
1.292356753734778976e+10 5.229131358905938450e-32
1.304326808811272430e+10 5.407747633199572069e-32
1.316407732824009895e+10 5.592413170747804343e-32
1.328600552662253189e+10 5.783330810000978027e-32
1.340906304726509094e+10 5.980710112847258050e-32
1.353326035016617775e+10 6.184767583307297765e-32
1.365860799220686531e+10 6.395726893628299718e-32
1.378511662804791069e+10 6.613836569889838432e-32
1.391279701103562737e+10 6.839427687390937777e-32
1.404165999411587524e+10 7.072835490686170539e-32
1.417171653075651550e+10 7.314265353223579763e-32
1.430297767587869263e+10 7.563901758838279314e-32
1.443545458679617119e+10 7.822002982619645185e-32
1.456915852416394043e+10 8.088853953867203381e-32
1.470410085293533134e+10 8.364749116855542809e-32
1.484029304332798004e+10 8.649992742236233129e-32
1.497774667179904938e+10 8.944899249328858559e-32
1.511647342202887917e+10 9.249774825744552291e-32
1.525648508591435242e+10 9.564831701525656846e-32
1.539779356457114601e+10 9.890279068733848154e-32
1.554041086934528542e+10 1.022653038239284193e-31
1.568434912283436394e+10 1.057407361713569739e-31
1.582962055991760063e+10 1.093331837581596759e-31
1.597623752879606628e+10 1.130465439925483167e-31
1.612421249204222488e+10 1.168848423012344040e-31
1.627355802765920448e+10 1.208522363759178973e-31
1.642428683015019989e+10 1.249530205058570734e-31
1.657641171159711456e+10 1.291916050109912815e-31
1.672994560274987221e+10 1.335723613734984738e-31
1.688490155412547112e+10 1.380997523166548824e-31
1.704129273711722183e+10 1.427787329309408503e-31
1.719913244511460114e+10 1.476145720168889030e-31
1.735843409463279343e+10 1.526125460023570204e-31
1.751921122645337677e+10 1.577780270617303389e-31
1.768147750677523041e+10 1.631165626406423282e-31
1.784524672837611008e+10 1.686338813471735773e-31
1.801053281178532791e+10 1.743358987202947993e-31
1.817734980646658707e+10 1.802286569803113833e-31
1.834571189201246643e+10 1.863177424437734210e-31
1.851563337934965134e+10 1.926086101996031365e-31
1.868712871195528030e+10 1.991081140789914285e-31
1.886021246708496475e+10 2.058240527801292557e-31
1.903489935701141739e+10 2.127639039234274216e-31
1.921120423027530289e+10 2.199350350526796920e-31
1.938914207294730377e+10 2.273450483026928967e-31
1.956872800990187836e+10 2.350017916197653067e-31
1.974997730610319138e+10 2.429133666355929084e-31
1.993290536790219116e+10 2.510880831440488934e-31
2.011752774434646225e+10 2.595337931101802348e-31
2.030386012850184631e+10 2.682580995182855016e-31
2.049191835878626251e+10 2.772701899148771717e-31
2.068171842031634521e+10 2.865805923289539810e-31
2.087327644626567078e+10 2.961995583178576582e-31
2.106660871923644257e+10 3.061371671711908989e-31
2.126173167264342880e+10 3.164038103324448947e-31
2.145866189211074066e+10 3.270102118826294429e-31
2.165741611688196564e+10 3.379674388130180960e-31
2.185801124124250793e+10 3.492868590918055872e-31
2.206046431595594788e+10 3.609791749245255547e-31
2.226479254971329498e+10 3.730544711089899839e-31
2.247101331059566116e+10 3.855250123179892630e-31
2.267914412755090332e+10 3.984053489328134659e-31
2.288920269188307953e+10 4.117096777206299100e-31
2.310120685875656128e+10 4.254517432962321181e-31
2.331517464871367645e+10 4.396456929733451822e-31
2.353112424920635605e+10 4.543061212369994182e-31
2.374907401614247131e+10 4.694480836513080602e-31
2.396904247544552994e+10 4.850870568354608865e-31
2.419104832462978363e+10 5.012373759336080235e-31
2.441511043438941956e+10 5.179118493539090533e-31
2.464124785020261383e+10 5.351265365293568532e-31
2.486947979395028305e+10 5.529018117139647494e-31
2.509982566555039215e+10 5.712575368126734531e-31
2.533230504460633850e+10 5.902123838774983184e-31
2.556693769207165146e+10 6.097855069069417322e-31
2.580374355192958832e+10 6.299966566598162242e-31
2.604274275288827133e+10 6.508661988865959754e-31
2.628395561009209061e+10 6.724151019923722634e-31
2.652740262684786606e+10 6.946634417964767178e-31
2.677310449636806107e+10 7.176295136480207417e-31
2.702108210352962494e+10 7.413347389256303950e-31
2.727135652664912033e+10 7.658057746539710967e-31
2.752394903927483368e+10 7.910692237480383783e-31
2.777888111199438477e+10 8.171503328782702268e-31
2.803617441426018906e+10 8.440749497790163173e-31
2.829585081623126602e+10 8.718697153252520092e-31
2.855793239063211060e+10 9.005620869697535627e-31
2.882244141462936401e+10 9.301803297272946335e-31
2.908940037172467422e+10 9.607501921640670333e-31
2.935883195366630173e+10 9.922914931613033679e-31
2.963075906237781906e+10 1.024829791260913128e-30
2.990520481190465546e+10 1.058404138405104627e-30
3.018219253037931442e+10 1.093053596270916242e-30
3.046174576200355530e+10 1.128812343363491859e-30
3.074388826905014420e+10 1.165714909887221097e-30
3.102864403388256073e+10 1.203796862989281303e-30
3.131603726099339294e+10 1.243094835702891028e-30
3.160609237906223679e+10 1.283646548145596536e-30
3.189883404303140640e+10 1.325488139408739924e-30
3.219428713620212555e+10 1.368649943922062092e-30
3.249247677234950638e+10 1.413166722675334856e-30
3.279342829785710526e+10 1.459087289802204256e-30
3.309716729387193680e+10 1.506461936193852896e-30
3.340371957847806931e+10 1.555336215095902415e-30
3.371311120889173889e+10 1.605756080955481852e-30
3.402536848367609787e+10 1.657768837624955997e-30
3.434051794497646332e+10 1.711423174658381160e-30
3.465858638077700043e+10 1.766769204018964581e-30
3.497960082717686462e+10 1.823853701159505156e-30
3.530358857068889618e+10 1.882709082166409221e-30
3.563057715055879211e+10 1.943373276435597090e-30
3.596059436110588837e+10 2.005915067428059949e-30
3.629366825408622742e+10 2.070408108071772197e-30
3.662982714107614899e+10 2.136913924169981072e-30
3.696909959587936401e+10 2.205492932139956105e-30
3.731151445695561218e+10 2.276207267604444294e-30
3.765710082987179565e+10 2.349120830080876696e-30
3.800588808977660370e+10 2.424299329603596538e-30
3.835790588389650726e+10 2.501807148365875951e-30
3.871318413405638123e+10 2.581696916717835934e-30
3.907175303922278595e+10 2.664023961848088216e-30
3.943364307807069397e+10 2.748870835501914738e-30
3.979888501157488251e+10 2.836327456295984051e-30
4.016750988562366486e+10 2.926473951438945678e-30
4.053954903365847015e+10 3.019389388784255064e-30
4.091503407933702850e+10 3.115155015512045078e-30
4.129399693922126770e+10 3.213854311611767380e-30
4.167646982549092865e+10 3.315573047052774948e-30
4.206248524868058777e+10 3.420392036612792396e-30
4.245207602044377136e+10 3.528353693443339508e-30
4.284527525634181976e+10 3.639497548521162186e-30
4.324211637865853882e+10 3.753940873700585635e-30
4.364263311924184418e+10 3.871827784206652560e-30
4.404685952236994934e+10 3.993269607833640738e-30
4.445482994764582825e+10 4.118367681515044020e-30
4.486657907291768646e+10 4.247225989292526280e-30
4.528214189722637177e+10 4.379951227812812713e-30
4.570155374378110504e+10 4.516652868293641829e-30
4.612485026296086884e+10 4.657437509046027569e-30
4.655206743534542084e+10 4.802372640599067497e-30
4.698324157477354431e+10 4.951515462848346111e-30
4.741840933142953491e+10 5.105003241683087983e-30
4.785760769495927429e+10 5.263011211316379716e-30
4.830087399761322021e+10 5.425681709918480208e-30
4.874824591742047882e+10 5.593143235979985222e-30
4.919976148139122772e+10 5.765527390662835256e-30
4.965545906874889374e+10 5.942969005806215946e-30
5.011537741419321442e+10 6.125606205095239189e-30
5.057955561119148254e+10 6.313573658067394718e-30
5.104803311530236816e+10 6.506942272495522667e-30
5.152084974752947235e+10 6.705752296271139394e-30
5.199804569770590210e+10 6.910169614168851275e-30
5.247966152791132355e+10 7.120437983942292791e-30
5.296573817591849518e+10 7.336748487108879424e-30
5.345631695867385101e+10 7.559260730463325348e-30
5.395143957580928040e+10 7.788137555713567997e-30
5.445114811318640900e+10 8.023545463174577548e-30
5.495548504647480011e+10 8.265654667401298845e-30
5.546449324476113129e+10 8.514630833987412907e-30
5.597821597419396210e+10 8.770530403586581802e-30
5.649669690166119385e+10 9.033332452807804363e-30
5.701998009850152588e+10 9.303222343287082549e-30
5.754811004425154877e+10 9.580551302651374084e-30
5.808113163042508698e+10 9.865583613539480690e-30
5.861909016432997894e+10 1.015851186410123701e-29
5.916203137291901398e+10 1.045953079799541262e-29
5.971000140667649078e+10 1.076883894238867246e-29
6.026304684354206085e+10 1.108663864128862217e-29
6.082121469286839294e+10 1.141312947549459864e-29
6.138455239941801453e+10 1.174838589255811870e-29
6.195310784739589691e+10 1.209236275232865539e-29
6.252692936451943207e+10 1.244524436752949170e-29
6.310606572612729645e+10 1.280745464288473542e-29
6.369056615932391357e+10 1.317932473743993238e-29
6.428048034716481781e+10 1.356107984533927534e-29
6.487585843287946320e+10 1.395294468184759400e-29
6.547675102413323975e+10 1.435514740606386480e-29
6.608320919733017731e+10 1.476791959384325089e-29
6.669528450195292664e+10 1.519148964493031934e-29
6.731302896494554138e+10 1.562589323126109373e-29
6.793649509513558960e+10 1.607092665160071916e-29
6.856573588769712830e+10 1.652671996367595789e-29
6.920080482865649414e+10 1.699386009387896250e-29
6.984175589943698120e+10 1.747280750043017964e-29
7.048864358144837952e+10 1.796381399161656379e-29
7.114152286071772766e+10 1.846712184816863088e-29
7.180044923256288147e+10 1.898297541048084381e-29
7.246547870631074524e+10 1.951162094370868767e-29
7.313666781005648804e+10 2.005330122861336521e-29
7.381407359546954346e+10 2.060799499838327593e-29
7.449775364264282227e+10 2.117526314829436750e-29
7.518776606498675537e+10 2.175509050729152547e-29
7.588416951417018127e+10 2.234824006792867674e-29
7.658702318510397339e+10 2.295533723973322274e-29
7.729638682097392273e+10 2.357664439978507874e-29
7.801232071831854248e+10 2.421239401454552095e-29
7.873488573215415955e+10 2.486281744887413722e-29
7.946414328114880371e+10 2.552814463807454246e-29
8.020015535284098816e+10 2.620860018874957531e-29
8.094298450890995789e+10 2.690404679353005696e-29
8.169269389049317932e+10 2.761362290134651278e-29
8.244934722355340576e+10 2.833698447524266854e-29
8.321300882429508972e+10 2.907511873959272140e-29
8.398374360463264465e+10 2.982890163111487179e-29
8.476161707770605469e+10 3.059857795031765205e-29
8.554669536345083618e+10 3.138431608622606758e-29
8.633904519421795654e+10 3.218627718714647015e-29
8.713873392044586182e+10 3.300461451366001737e-29
8.794582951638661194e+10 3.383947137029272058e-29
8.876040058588179016e+10 3.469059819649917179e-29
8.958251636819514465e+10 3.555675408059921677e-29
9.041224674389776611e+10 3.643715621575129759e-29
9.124966224080751038e+10 3.733282693105532375e-29
9.209483403998553467e+10 3.824479882408424618e-29
9.294783398178440857e+10 3.917323490900038936e-29
9.380873457195616150e+10 4.011815252163788948e-29
9.467760898781494141e+10 4.107955134754185107e-29
9.555453108445678711e+10 4.205741226604696323e-29
9.643957540103887939e+10 4.305169577356958302e-29
9.733281716711314392e+10 4.406163429391958260e-29
9.823433230902241516e+10 4.508411247687837587e-29
9.914419745635375977e+10 4.611660337538032338e-29
1.000624899484517365e+11 4.716086869384492986e-29
1.009892878409939117e+11 4.821910062567020880e-29
1.019246699126231995e+11 4.929142510432675718e-29
1.028687156716457825e+11 5.037752329304378209e-29
1.038215053627889404e+11 5.147703971815692603e-29
1.047831199740215302e+11 5.258958034047504217e-29
1.057536412434397278e+11 5.371471053419953216e-29
1.067331516662122650e+11 5.485152726476323378e-29
1.077217345015943146e+11 5.599726587930780612e-29
1.087194737800042114e+11 5.714923809881979944e-29
1.097264543101655579e+11 5.830808130555638541e-29
1.107427616863179474e+11 5.947507302949357477e-29
1.117684822954898071e+11 6.064984031864681687e-29
1.128037033248431702e+11 6.183152370147203915e-29
1.138485127690842133e+11 6.301920009967786656e-29
1.149029994379424286e+11 6.421187984372340393e-29
1.159672529637213593e+11 6.540850351567087953e-29
1.170413638089147034e+11 6.660702759188265040e-29
1.181254232738974762e+11 6.780026052749328681e-29
1.192195235046862488e+11 6.898033923997702840e-29
1.203237575007710724e+11 7.014873091174550400e-29
1.214382191230225067e+11 7.130979055217332854e-29
1.225630031016669769e+11 7.246333766047952296e-29
1.236982050443408203e+11 7.360751638479968513e-29
1.248439214442165833e+11 7.474036092324924894e-29
1.260002496882044678e+11 7.585979172296775412e-29
1.271672880652323914e+11 7.696361073075218574e-29
1.283451357745975800e+11 7.804866062141855671e-29
1.295338929344005585e+11 7.910552854909718815e-29
1.307336605900548553e+11 8.012282914227916164e-29
1.319445407228753662e+11 8.110036644397734080e-29
1.331666362587490234e+11 8.204283538186949662e-29
1.344000510768803558e+11 8.294946207772349554e-29
1.356448900186234741e+11 8.381682315654314997e-29
1.369012588963931427e+11 8.464131102776136080e-29
1.381692645026583252e+11 8.541913649695979229e-29
1.394490146190219727e+11 8.614632170002521537e-29
1.407406180253790588e+11 8.681797057059328972e-29
1.420441845091653442e+11 8.742188698787068773e-29
1.433598248746887512e+11 8.794217689857091411e-29
1.446876509525473328e+11 8.837575228610370766e-29
1.460277756091372375e+11 8.872708041435299295e-29
1.473803127562429199e+11 8.899435672424065445e-29
1.487453773607221680e+11 8.917180546716087933e-29
1.501230854542777405e+11 8.925334552005799342e-29
1.515135541433196411e+11 8.923262022281465496e-29
1.529169016189215698e+11 8.910298775711399179e-29
1.543332471668637085e+11 8.885646104763658874e-29
1.557627111777745361e+11 8.847053519250631620e-29
1.572054151573635559e+11 8.791244235363206645e-29
1.586614817367486267e+11 8.717484378341423981e-29
1.601310346828824768e+11 8.627028804800036749e-29
1.616141989090690002e+11 8.519932614933800141e-29
1.631111004855836487e+11 8.395259999379879501e-29
1.646218666503887634e+11 8.252015015900048035e-29
1.661466258199483948e+11 8.089160498240109270e-29
1.676855076001464233e+11 7.905616714189415529e-29
1.692386427972991333e+11 7.700176949636073678e-29
1.708061634292765808e+11 7.469974160644194848e-29
1.723882027367235413e+11 7.210583006304136366e-29
1.739848951943843689e+11 6.920399188033850968e-29
1.755963765225363770e+11 6.600705116799795253e-29
1.772227836985217590e+11 6.251491003046553853e-29
1.788642549683938293e+11 5.871314867158258648e-29
1.805209298586672058e+11 5.458628046975389044e-29
1.821929491881770020e+11 5.011822999827562118e-29
1.838804550800515137e+11 4.529231629920609027e-29
1.855835909737883301e+11 4.009047130630143744e-29
1.873025016374498291e+11 3.447122884739173317e-29
1.890373331799678345e+11 2.836485199330360414e-29
1.907882330635621948e+11 2.174011563129462924e-29
1.925553501162784119e+11 1.461756330919449036e-29
1.943388345446333618e+11 7.001413796750005709e-30
1.961388379463861389e+11 -1.129494711869211625e-30
1.979555133234233093e+11 -9.798476590005910924e-30
1.997890150947632446e+11 -1.902965743504103792e-29
2.016394991096852417e+11 -2.884799440655573700e-29
2.035071226609719238e+11 -3.927985647205333242e-29
2.053920444982825317e+11 -5.038062895076324088e-29
2.072944248416459656e+11 -6.225022234813051387e-29
2.092144253950787659e+11 -7.494333780298672514e-29
2.111522093603335876e+11 -8.843348195811811311e-29
2.131079414507662048e+11 -1.027107301841004519e-28
2.150817879053399353e+11 -1.178048179636977635e-28
2.170739165027550354e+11 -1.337496153401692644e-28
2.190844965757092590e+11 -1.505800609353121463e-28
2.211136990252948303e+11 -1.683321834454258244e-28
2.231616963355198364e+11 -1.870434866443589684e-28
2.252286625879731140e+11 -2.067891429063117219e-28
2.273147734766204224e+11 -2.277175639574453287e-28
2.294202063227375793e+11 -2.499231354647584724e-28
2.315451400899868164e+11 -2.733660546957221302e-28
2.336897553996231384e+11 -2.980203325642676362e-28
2.358542345458510742e+11 -3.239252024815012548e-28
2.380387615113188477e+11 -3.511283026395274810e-28
2.402435219827561646e+11 -3.796786078278928975e-28
2.424687033667616272e+11 -4.096264484421866595e-28
2.447144948057265625e+11 -4.410236688839027663e-28
2.469810871939162598e+11 -4.739626617293508096e-28
2.492686731936951599e+11 -5.086358645320380491e-28
2.515774472519022827e+11 -5.451858142460564690e-28
2.539076056163834839e+11 -5.835709427937608847e-28
2.562593463526665955e+11 -6.237513274481826628e-28
2.586328693608011780e+11 -6.657765114768259223e-28
2.610283763923492737e+11 -7.097107545621384239e-28
2.634460710675332642e+11 -7.556198633798782805e-28
2.658861588925482788e+11 -8.035712010980343799e-28
2.683488472770237732e+11 -8.536337259590728673e-28
2.708343455516578369e+11 -9.059355325667702220e-28
2.733428649860095520e+11 -9.607929261367023238e-28
2.758746188064558105e+11 -1.018466779975869484e-27
2.784298222143203735e+11 -1.078867377266395150e-27
2.810086924041593628e+11 -1.141874597284434069e-27
2.836114485822274170e+11 -1.207537392184713877e-27
2.862383119851094971e+11 -1.275939736032753216e-27
2.888895058985247192e+11 -1.347167224234823881e-27
2.915652556763109131e+11 -1.421307058970425423e-27
2.942657887595725098e+11 -1.498448030610802766e-27
2.969913346960180664e+11 -1.578717580807633777e-27
2.997421251594710083e+11 -1.662400779571421911e-27
3.025183939695605469e+11 -1.749766832772219419e-27
3.053203771116018066e+11 -1.840791002184772180e-27
3.081483127566470947e+11 -1.935394631977630240e-27
3.110024412817358398e+11 -2.033641259976940744e-27
3.138830052903256226e+11 -2.135632906621331092e-27
3.167902496329120483e+11 -2.241472943035687994e-27
3.197244214278468018e+11 -2.351266037755162007e-27
3.226857700823350220e+11 -2.465118096795068332e-27
3.256745473136404419e+11 -2.583198037192858803e-27
3.286910071704799194e+11 -2.706015548601752583e-27
3.317354060546168213e+11 -2.834105494421664484e-27
3.348080027426607056e+11 -2.967359780899111918e-27
3.379090584080554810e+11 -3.105481253949804793e-27
3.410388366432845459e+11 -3.248480366475520014e-27
3.441976034822754517e+11 -3.396474848634051814e-27
3.473856274230112305e+11 -3.549583063788615423e-27
3.506031794503588257e+11 -3.707923828362077939e-27
3.538505330590944214e+11 -3.871616285830264693e-27
3.571279642771566162e+11 -4.040829754406733894e-27
3.604357516891074829e+11 -4.216095230895440067e-27
3.637741764598108521e+11 -4.398034292826802300e-27
3.671435223583378296e+11 -4.586582771762719148e-27
3.705440757820784302e+11 -4.781389398473655263e-27
3.739761257810913696e+11 -4.982427931429972497e-27
3.774399640826723022e+11 -5.189819673914814691e-27
3.809358851161491089e+11 -5.403685476157696219e-27
3.844641860379152222e+11 -5.624144968152479697e-27
3.880251667566785278e+11 -5.851316349220905355e-27
3.916191299589601440e+11 -6.085365073914880235e-27
3.952463811348217773e+11 -6.326929087370328198e-27
3.989072286038305664e+11 -6.576851620906970659e-27
4.026019835412734375e+11 -6.835076336037255966e-27
4.063309600045972290e+11 -7.101038746562380795e-27
4.100944749601105347e+11 -7.374593924657973566e-27
4.138928483099243774e+11 -7.655845144011789960e-27
4.177264029191426392e+11 -7.944894663337471447e-27
4.215954646433125000e+11 -8.241840786536655202e-27
4.255003623561122437e+11 -8.546777542675112630e-27
4.294414279773128662e+11 -8.859835632659307073e-27
4.334189965009895020e+11 -9.181692384467762374e-27
4.374334060239947510e+11 -9.513372479857777370e-27
4.414849977747041016e+11 -9.854857139120245857e-27
4.455741161420100098e+11 -1.020535486124317210e-26
4.497011087046026001e+11 -1.056454784249007240e-26
4.538663262605120239e+11 -1.093248584676786306e-26
4.580701228569250488e+11 -1.130921903844884111e-26
4.623128558202866211e+11 -1.169478970906520655e-26
4.665948857866618652e+11 -1.208923186806321241e-26
4.709165767323979492e+11 -1.249260350591288934e-26
4.752782960050604858e+11 -1.290558082666216597e-26
4.796804143546563110e+11 -1.332937476592292041e-26
4.841233059651556396e+11 -1.376401683587740843e-26
4.886073484862861938e+11 -1.420840926719110372e-26
4.931329230656414795e+11 -1.466196672718787041e-26
4.977004143810769043e+11 -1.512463469504704355e-26
5.023102106734054565e+11 -1.559636562530148323e-26
5.069627037794071045e+11 -1.607709918679556616e-26
5.116582891651223755e+11 -1.656676180995047575e-26
5.163973659594761963e+11 -1.706528919155708846e-26
5.211803369882015991e+11 -1.757327735533957704e-26
5.260076088080783691e+11 -1.809207332169429145e-26
5.308795917414994507e+11 -1.862177143178666370e-26
5.357966999113355103e+11 -1.916091960263594940e-26
5.407593512761445312e+11 -1.970857122140669732e-26
5.457679676656965942e+11 -2.026450397449108962e-26
5.508229748168272705e+11 -2.082851839355559970e-26
5.559248024096348877e+11 -2.140039699810647620e-26
5.610738841039899902e+11 -2.197990388728408493e-26
5.662706575764062500e+11 -2.256679815641253795e-26
5.715155645572403564e+11 -2.316150440333050263e-26
5.768090508682380371e+11 -2.376542708115538527e-26
5.821515664604377441e+11 -2.437872693278783963e-26
5.875435654524036865e+11 -2.499957018413662400e-26
5.929855061688352051e+11 -2.562656283277964175e-26
5.984778511795225830e+11 -2.625924706780998197e-26
6.040210673386630859e+11 -2.689721828721978484e-26
6.096156258245546875e+11 -2.754004965746739439e-26
6.152620021796307373e+11 -2.818729193792902932e-26
6.209606763508922119e+11 -2.883848025548909691e-26
6.267121327307009277e+11 -2.949381468770356503e-26
6.325168601979505615e+11 -3.015475630020485437e-26
6.383753521596320801e+11 -3.082156745729189292e-26
6.442881065927589111e+11 -3.149196012857901114e-26
6.502556260867048340e+11 -3.216397153285452737e-26
6.562784178859226074e+11 -3.283684578250456838e-26
6.623569939330572510e+11 -3.350993677190975473e-26
6.684918709124725342e+11 -3.418257486624845866e-26
6.746835702941531982e+11 -3.485406715037241642e-26
6.809326183780412598e+11 -3.552369950105831791e-26
6.872395463387696533e+11 -3.619121957169945462e-26
6.936048902708089600e+11 -3.685751156683191047e-26
7.000291912340479736e+11 -3.752267004108266943e-26
7.065129952997667236e+11 -3.818448165511108973e-26
7.130568535970648193e+11 -3.884082515704234106e-26
7.196613223597045898e+11 -3.949067732862485185e-26
7.263269629733890381e+11 -4.013315793103585639e-26
7.330543420234913330e+11 -4.076736744532205365e-26
7.398440313431979980e+11 -4.139238797016747265e-26
7.466966080621265869e+11 -4.200728456080841154e-26
7.536126546553791504e+11 -4.261174447416296058e-26
7.605927589930507812e+11 -4.320741635638182466e-26
7.676375143902104492e+11 -4.379506647679772787e-26
7.747475196573156738e+11 -4.437153513429276914e-26
7.819233791511237793e+11 -4.493349547565553094e-26
7.891657028260598145e+11 -4.547953095983788642e-26
7.964751062860596924e+11 -4.600858534949826729e-26
8.038522108369108887e+11 -4.651959388111197211e-26
8.112976435390434570e+11 -4.701148492486934204e-26
8.188120372608443604e+11 -4.748318172534203854e-26
8.263960307324484863e+11 -4.793311881562326588e-26
8.340502686000277100e+11 -4.835777604582500234e-26
8.417754014806002197e+11 -4.875412412440688797e-26
8.495720860173128662e+11 -4.912303313518209894e-26
8.574409849352703857e+11 -4.946587377370263852e-26
8.653827670978636475e+11 -4.978209574845708831e-26
8.733981075636209717e+11 -5.007067289281834331e-26
8.814876876436018066e+11 -5.033059068796207569e-26
8.896521949592885742e+11 -5.056084843656145502e-26
8.978923235010483398e+11 -5.076046148279013562e-26
9.062087736871196289e+11 -5.092789057494352394e-26
9.146022524231448975e+11 -5.105861836034081373e-26
9.230734731622727051e+11 -5.114842983161036821e-26
9.316231559657797852e+11 -5.119920174479813214e-26
9.402520275642916260e+11 -5.121414459390259940e-26
9.489608214195515137e+11 -5.119345600781639815e-26
9.577502777867618408e+11 -5.113637707041245317e-26
9.666211437775214844e+11 -5.104218166686439485e-26
9.755741734233081055e+11 -5.091017925111333406e-26
9.846101277395866699e+11 -5.073971702420323093e-26
9.937297747904927979e+11 -5.052877866673277743e-26
1.002933889754114746e+12 -5.026566132099049531e-26
1.012223254988400757e+12 -4.993784072864312658e-26
1.021598660097635132e+12 -4.955260919375596835e-26
1.031060901999572144e+12 -4.912382967205234427e-26
1.040610784993170532e+12 -4.865547108589586142e-26
1.050249120826955322e+12 -4.814738027622805530e-26
1.059976728768034302e+12 -4.759943671260604183e-26
1.069794435671710571e+12 -4.701156927121610483e-26
1.079703076051783691e+12 -4.638375749980640126e-26
1.089703492151478882e+12 -4.571436536473436155e-26
1.099796534015034912e+12 -4.498627896949490088e-26
1.109983059559976074e+12 -4.417829344109031128e-26
1.120263934650009033e+12 -4.330107759644064277e-26
1.130640033168639648e+12 -4.237988843628594059e-26
1.141112237093450195e+12 -4.142396085624799092e-26
1.151681436571063232e+12 -4.043398027738993489e-26
1.162348529992822510e+12 -3.941058554102707897e-26
1.173114424071131104e+12 -3.835445676530310741e-26
1.183980033916539062e+12 -3.726631533664876694e-26
1.194946283115526123e+12 -3.614542925527772486e-26
1.206014103809000977e+12 -3.497187805929949804e-26
1.217184436771553711e+12 -3.371692113209200344e-26
1.228458231491394775e+12 -3.239155683272584362e-26
1.239836446251079834e+12 -3.103093694848394845e-26
1.251320048208960693e+12 -2.965019156904203225e-26
1.262910013481389648e+12 -2.825084701367199033e-26
1.274607327225709961e+12 -2.683416028968016612e-26
1.286412983723965820e+12 -2.540139613626145693e-26
1.298327986467436035e+12 -2.395382634758552831e-26
1.310353348241927490e+12 -2.249155604047831998e-26
1.322490091213857178e+12 -2.099295389279380748e-26
1.334739247017158936e+12 -1.942154685607950946e-26
1.347101856840940918e+12 -1.778600766216387119e-26
1.359578971518009277e+12 -1.613076711387101091e-26
1.372171651614183838e+12 -1.447765492349827786e-26
1.384880967518442383e+12 -1.282886674951226831e-26
1.397707999533926514e+12 -1.118588088637968360e-26
1.410653837969735107e+12 -9.550132913002281211e-27
1.423719583233623779e+12 -7.923015815131623857e-27
1.436906345925534424e+12 -6.305111482836872774e-27
1.450215246931992676e+12 -4.675097420861762770e-27
1.463647417521406250e+12 -2.990931307129497953e-27
1.477203999440189697e+12 -1.256026925877712145e-27
1.490886145009836426e+12 4.796398386237709975e-28
1.504695017224861816e+12 2.188356634466615788e-27
1.518631789851652344e+12 3.867540934598561269e-27
1.532697647528261719e+12 5.516022265446309995e-27
1.546893785865068115e+12 7.132721868767409640e-27
1.561221411546428711e+12 8.716650170372561543e-27
1.575681742433240967e+12 1.026719883473632946e-26
1.590276007666456299e+12 1.179804702306835564e-26
1.605005447771583984e+12 1.334098093163272341e-26
1.619871314764097412e+12 1.489843705398955631e-26
1.634874872255883789e+12 1.643381336759174097e-26
1.650017395562644043e+12 1.792417286271730816e-26
1.665300171812290771e+12 1.936739926747552348e-26
1.680724500054380615e+12 2.076305584862886115e-26
1.696291691370495605e+12 2.211081495308895130e-26
1.712003068985712646e+12 2.341045296246741861e-26
1.727859968381071289e+12 2.466190793794566205e-26
1.743863737407084961e+12 2.587127729087129663e-26
1.760015736398337402e+12 2.705497614459448807e-26
1.776317338289069336e+12 2.821721834799860516e-26
1.792769928729908203e+12 2.934062041283876651e-26
1.809374906205641846e+12 3.041283540187297905e-26
1.826133682154083740e+12 3.143290975726621970e-26
1.843047681086076904e+12 3.240116761776789656e-26
1.860118340706532715e+12 3.331802532680007193e-26
1.877347112036668213e+12 3.418398535261039102e-26
1.894735459537335449e+12 3.499963044430184221e-26
1.912284861233495361e+12 3.576567166116693474e-26
1.929996808839881348e+12 3.648314763201416843e-26
1.947872807887750244e+12 3.715327842605797368e-26
1.965914377852884766e+12 3.777690727433583060e-26
1.984123052284742676e+12 3.835462063220411128e-26
2.002500378936801270e+12 3.888711946490052438e-26
2.021047919898150635e+12 3.937518588992071650e-26
2.039767251726224121e+12 3.981965966320428962e-26
2.058659965580839355e+12 4.022143286012062246e-26
2.077727667359439453e+12 4.058144295097093604e-26
2.096971977833588623e+12 4.089770224723030588e-26
2.116394532786771973e+12 4.115983063208001097e-26
2.135996983153387939e+12 4.136321512984307516e-26
2.155780995159113770e+12 4.152103306606060201e-26
2.175748250462526855e+12 4.164528087973798203e-26
2.195900446298038086e+12 4.173849154864465810e-26
2.216239295620195312e+12 4.180150522125303779e-26
2.236766527249231445e+12 4.183518687342184240e-26
2.257483886018050781e+12 4.184042277200740812e-26
2.278393132920534180e+12 4.181811709127432950e-26
2.299496045261214355e+12 4.176614192619421356e-26
2.320794416806385742e+12 4.167084624842601157e-26
2.342290057936522461e+12 4.152359970433101368e-26
2.363984795800194824e+12 4.133999819010452533e-26
2.385880474469375000e+12 4.113655674461283780e-26
2.407978955096169922e+12 4.091694438486671321e-26
2.430282116071063965e+12 4.068179085100960815e-26
2.452791853182522461e+12 4.043173138214932021e-26
2.475510079778175293e+12 4.016740485400159055e-26
2.498438726927444336e+12 3.988945201789675646e-26
2.521579743585673828e+12 3.959613313073860625e-26
2.544935096759836914e+12 3.927372932915133352e-26
2.568506771675668945e+12 3.891118061762263785e-26
2.592296771946456055e+12 3.852258545889384914e-26
2.616307119743333496e+12 3.812570573955690080e-26
2.640539855967159668e+12 3.772496268990455203e-26
2.664997040422041016e+12 3.732067196842293233e-26
2.689680751990348633e+12 3.691314527173121055e-26
2.714593088809471191e+12 3.650269198115093889e-26
2.739736168450145996e+12 3.608961851697994318e-26
2.765112128096443848e+12 3.567297068815848457e-26
2.790723124727477051e+12 3.524334537711090139e-26
2.816571335300675293e+12 3.479153373870852363e-26
2.842658956936876465e+12 3.432611054746378504e-26
2.868988207107069336e+12 3.386032837475120280e-26
2.895561323820873047e+12 3.339799602789958940e-26
2.922380565816812500e+12 3.293918600195934393e-26
2.949448212754246094e+12 3.248395599217778701e-26
2.976766565407184570e+12 3.203236229489486136e-26
3.004337945859846191e+12 3.158445965344960912e-26
3.032164697704024414e+12 3.113974581780115464e-26
3.060249186238344727e+12 3.069266187297762081e-26
3.088593798669243652e+12 3.023675747296256090e-26
3.117200944313931641e+12 2.977626907633758179e-26
3.146073054805174805e+12 2.931967020549203086e-26
3.175212584297974121e+12 2.886975989954992451e-26
3.204622009678221191e+12 2.842647520501774178e-26
3.234303830773160156e+12 2.798972558388963034e-26
3.264260570563923340e+12 2.755942170828473770e-26
3.294494775399978027e+12 2.713547543649909671e-26
3.325009015215551758e+12 2.671774822165191542e-26
3.355805883748136230e+12 2.630545016328844741e-26
3.386887998758872070e+12 2.589753978147517248e-26
3.418258002255118652e+12 2.549436224807765625e-26
3.449918560715012207e+12 2.509702880080165219e-26
3.481872365314103516e+12 2.470591880634575823e-26
3.514122132154168457e+12 2.432094289837193739e-26
3.546670602493994141e+12 2.394200383262267031e-26
3.579520542982443848e+12 2.356900593549191674e-26
3.612674745893610352e+12 2.320185507373766276e-26
3.646136029364148438e+12 2.284046363011314047e-26
3.679907237632877441e+12 2.248483701570463588e-26
3.713991241282455078e+12 2.213503905216806451e-26
3.748390937483437988e+12 2.179093991257757390e-26
3.783109250240530762e+12 2.145226702520674191e-26
3.818149130641112305e+12 2.111885131841656589e-26
3.853513557106143066e+12 2.079060866452244184e-26
3.889205535643240723e+12 2.046745903805611136e-26
3.925228100102253906e+12 2.014932364598566930e-26
3.961584312433130371e+12 1.983612490939268051e-26
3.998277262946164551e+12 1.952778577983370262e-26
4.035310070574745117e+12 1.922421165157202351e-26
4.072685883140367676e+12 1.892529232526766696e-26
4.110407877620270020e+12 1.863095873519679278e-26
4.148479260417457031e+12 1.834118173071963945e-26
4.186903267633235840e+12 1.805591281746070568e-26
4.225683165342351562e+12 1.777508290354146226e-26
4.264822249870507812e+12 1.749862286017124448e-26
4.304323848074621582e+12 1.722646463570642547e-26
4.344191317625596191e+12 1.695854124113589352e-26
4.384428047293703613e+12 1.669478680945298731e-26
4.425037457236727539e+12 1.643514033666756458e-26
4.466022999290479492e+12 1.617954651663550379e-26
4.507388157262458008e+12 1.592794287930184605e-26
4.549136447227783203e+12 1.568025759979380705e-26
4.591271417828130859e+12 1.543642379617633100e-26
4.633796650573450195e+12 1.519638118331257894e-26
4.676715760146187500e+12 1.496007082863788345e-26
4.720032394708800781e+12 1.472743471429875589e-26
4.763750236213649414e+12 1.449841572550075845e-26
4.807873000716037109e+12 1.427295762520507851e-26
4.852404438690162109e+12 1.405100416600366863e-26
4.897348335347692383e+12 1.383249852140241489e-26
4.942708510959786133e+12 1.361738656783158406e-26
4.988488821181605469e+12 1.340561810970284172e-26
5.034693157380124023e+12 1.319714295118269287e-26
5.081325446964985352e+12 1.299191003862134598e-26
5.128389653722103516e+12 1.278986894208272473e-26
5.175889778150880859e+12 1.259097001831228707e-26
5.223829857804025391e+12 1.239516439507537962e-26
5.272213967630831055e+12 1.220240396168756163e-26
5.321046220323633789e+12 1.201264179553574353e-26
5.370330766667161133e+12 1.182583265589685339e-26
5.420071795891654297e+12 1.164193113387740461e-26
5.470273536028716797e+12 1.146089053089662454e-26
5.520940254270789062e+12 1.128266517117440143e-26
5.572076257333951172e+12 1.110721113946599735e-26
5.623685891823752930e+12 1.093448534854559819e-26
5.675773544604994141e+12 1.076444538085992799e-26
5.728343643174362305e+12 1.059704947782783094e-26
5.781400656036864258e+12 1.043225653045302775e-26
5.834949093085748047e+12 1.027002564828121968e-26
5.888993505985589844e+12 1.011031536766331447e-26
5.943538488559515625e+12 9.953085646286467670e-27
5.998588677179426758e+12 9.798299578051120671e-27
6.054148751160183594e+12 9.645920705243840401e-27
6.110223433157455078e+12 9.495911821210194226e-27
6.166817489568873047e+12 9.348236057712175902e-27
6.223935730939530273e+12 9.202857120386419432e-27
6.281583012370606445e+12 9.059739280451191167e-27
6.339764233932156250e+12 8.918847363828350450e-27
6.398484341079719727e+12 8.780147012717738994e-27
6.457748325074413086e+12 8.643605427294444752e-27
6.517561223407543945e+12 8.509189897889915837e-27
6.577928120228525391e+12 8.376866099419851369e-27
6.638854146777130859e+12 8.246600135707692647e-27
6.700344481819766602e+12 8.118359748064334368e-27
6.762404352089369141e+12 7.992113443623406923e-27
6.825039032730068359e+12 7.867830218694231243e-27
6.888253847745274414e+12 7.745479552268023241e-27
6.952054170450333008e+12 7.625031397635234390e-27
7.016445423929378906e+12 7.506456063135341900e-27
7.081433081495985352e+12 7.389723757904034932e-27
7.147022667158804688e+12 7.274805267577083411e-27
7.213219756090792969e+12 7.161673000107238595e-27
7.280029975103226562e+12 7.050299973455888085e-27
7.347459003124100586e+12 6.940659014895867952e-27
7.415512571680513672e+12 6.832723185982439606e-27
7.484196465386276367e+12 6.726465966081430563e-27
7.553516522433277344e+12 6.621861247587862386e-27
7.623478635087848633e+12 6.518883329296791047e-27
7.694088750191746094e+12 6.417506995990398754e-27
7.765352869667291016e+12 6.317708005926929740e-27
7.837277051027973633e+12 6.219462491466539076e-27
7.909867407893006836e+12 6.122745744176332050e-27
7.983130110507108398e+12 6.027533108512875241e-27
8.057071386265115234e+12 5.933800947588834376e-27
8.131697520240952148e+12 5.841526244384930217e-27
8.207014855722331055e+12 5.750686340060488626e-27
8.283029794749575195e+12 5.661258928453544721e-27
8.359748798659958008e+12 5.573222050020544583e-27
8.437178388636894531e+12 5.486553922667253261e-27
8.515325146264211914e+12 5.401231606006221385e-27
8.594195714085726562e+12 5.317232227792128578e-27
8.673796796169661133e+12 5.234536400608218000e-27
8.754135158678633789e+12 5.153126310472008287e-27
8.835217630444750000e+12 5.072982782743328035e-27
8.917051103550029297e+12 4.994086108775422382e-27
8.999642533912380859e+12 4.916416878941707347e-27
9.082998941876642578e+12 4.839955985806071060e-27
9.167127412811460938e+12 4.764684619375036728e-27
9.252035097711527344e+12 4.690584456289639516e-27
9.337729213805369141e+12 4.617639907212963862e-27
9.424217045168976562e+12 4.545836614068429387e-27
9.511505943344728516e+12 4.475155304694472077e-27
9.599603327966431641e+12 4.405574113962463669e-27
9.688516687389962891e+12 4.337074194921519145e-27
9.778253579329734375e+12 4.269638727530707823e-27
9.868821631501275391e+12 4.203251187036837138e-27
9.960228542269355469e+12 4.137895305027734750e-27
1.005248208130250391e+13 4.073555065609039986e-27
1.014559009023341016e+13 4.010214592734227577e-27
1.023956048332541602e+13 3.947856274133878927e-27
1.033440124814540820e+13 3.886461506095598124e-27
1.043012044624252344e+13 3.826016143420137350e-27
1.052672621383353906e+13 3.766509393175250383e-27
1.062422676249443555e+13 3.707928482428924407e-27
1.072263037985832422e+13 3.650259056229177767e-27
1.082194543032009961e+13 3.593486922878112007e-27
1.092218035574714062e+13 3.537598111697788503e-27
1.102334367619705859e+13 3.482578869487280308e-27
1.112544399064186719e+13 3.428415688250065593e-27
1.122848997769885742e+13 3.375096134023692453e-27
1.133249039636846289e+13 3.322608752032586445e-27
1.143745408677851953e+13 3.270940449905493750e-27
1.154338997093585938e+13 3.220076549861040247e-27
1.165030705348464648e+13 3.170003513766707751e-27
1.175821442247172852e+13 3.120708997675579450e-27
1.186712125011933008e+13 3.072180900999853562e-27
1.197703679360439453e+13 3.024407311120062576e-27
1.208797039584566406e+13 2.977376500228750747e-27
1.219993148629777344e+13 2.931076916655523090e-27
1.231292958175271875e+13 2.885496895785526771e-27
1.242697428714899023e+13 2.840624592188404002e-27
1.254207529638770508e+13 2.796448956578060781e-27
1.265824239315678906e+13 2.752959899674461083e-27
1.277548545176255859e+13 2.710147197032882452e-27
1.289381443796899023e+13 2.668000359213589059e-27
1.301323940984502148e+13 2.626509028631999418e-27
1.313377051861918945e+13 2.585663008643085944e-27
1.325541800954270703e+13 2.545452260954982466e-27
1.337819222276025195e+13 2.505866904001228750e-27
1.350210359418884766e+13 2.466897225305032484e-27
1.362716265640513672e+13 2.428533688197306304e-27
1.375338003954033594e+13 2.390766873082317335e-27
1.388076647218401758e+13 2.353587453852028000e-27
1.400933278229600391e+13 2.316986262955020086e-27
1.413908989812668945e+13 2.280954303469452737e-27
1.427004884914618555e+13 2.245482721613933706e-27
1.440222076698148828e+13 2.210562801208034511e-27
1.453561688636290430e+13 2.176185961707662993e-27
1.467024854607896289e+13 2.142343757030912058e-27
1.480612718994015430e+13 2.109028103791908312e-27
1.494326436775191016e+13 2.076231547805978008e-27
1.508167173629598438e+13 2.043946290257091471e-27
1.522136106032152734e+13 2.012163599342654910e-27
1.536234421354504688e+13 1.980875035988058549e-27
1.550463317965961523e+13 1.950072846572116160e-27
1.564824005335375000e+13 1.919749474634625369e-27
1.579317704133909375e+13 1.889897481206493298e-27
1.593945646338824414e+13 1.860509542557711016e-27
1.608709075338188867e+13 1.831578448553340316e-27
1.623609246036562500e+13 1.803096806946618659e-27
1.638647424961690820e+13 1.775056495638911068e-27
1.653824890372121094e+13 1.747450061318595519e-27
1.669142932365882031e+13 1.720271924225519054e-27
1.684602852990136719e+13 1.693516503574493912e-27
1.700205966351851172e+13 1.667177385315475461e-27
1.715953598729521094e+13 1.641248087271177824e-27
1.731847088685866992e+13 1.615722228405105712e-27
1.747887787181639062e+13 1.590593527062579833e-27
1.764077057690444922e+13 1.565855799517546538e-27
1.780416276314636719e+13 1.541503126431216165e-27
1.796906831902312500e+13 1.517530319768610779e-27
1.813550126165323828e+13 1.493932010317178510e-27
1.830347573798452734e+13 1.470701584639096225e-27
1.847300602599654688e+13 1.447832466369823530e-27
1.864410653591414844e+13 1.425318875407017994e-27
1.881679181143266016e+13 1.403155286882074053e-27
1.899107653095367969e+13 1.381336261739077649e-27
1.916697550883302344e+13 1.359856445327092190e-27
1.934450369663991406e+13 1.338710566193973748e-27
1.952367618442777734e+13 1.317893402533276514e-27
1.970450820201723438e+13 1.297399651274045543e-27
1.988701512029017969e+13 1.277224124617197975e-27
2.007121245249662891e+13 1.257362052997601475e-27
2.025711585557327344e+13 1.237808793730248960e-27
2.044474113147427734e+13 1.218559599472601448e-27
2.063410422851475781e+13 1.199609742054398200e-27
2.082522124272592188e+13 1.180954566901903678e-27
2.101810841922358594e+13 1.162589491675543385e-27
2.121278215358892578e+13 1.144510005384615960e-27
2.140925899326203125e+13 1.126711632638515416e-27
2.160755563894880859e+13 1.109189734675027529e-27
2.180768894604002734e+13 1.091939746239017116e-27
2.200967592604439062e+13 1.074957658337693662e-27
2.221353374803445703e+13 1.058239656767678995e-27
2.241927974010590625e+13 1.041781732618798316e-27
2.262693139085083203e+13 1.025579838276616303e-27
2.283650635084373047e+13 1.009629988828521611e-27
2.304802243414219141e+13 9.939282613351594720e-28
2.326149761980099219e+13 9.784707940583582983e-28
2.347695005340026172e+13 9.632538313737721594e-28
2.369439804858825391e+13 9.482740956331281706e-28
2.391386008863742188e+13 9.335284410479298731e-28
2.413535482801593750e+13 9.190128937805013027e-28
2.435890109397320312e+13 9.047231853233666520e-28
2.458451788814010156e+13 8.906555724494297476e-28
2.481222438814456250e+13 8.768066035180664426e-28
2.504203994924105859e+13 8.631728828394051271e-28
2.527398410595622656e+13 8.497510674019306114e-28
2.550807657374921875e+13 8.365378660443171819e-28
2.574433725068743359e+13 8.235300116427463573e-28
2.598278621913828516e+13 8.107239460717724807e-28
2.622344374747558984e+13 7.981160285250238733e-28
2.646633029180283203e+13 7.857033917057974539e-28
2.671146649769181250e+13 7.734836165675504389e-28
2.695887320193746875e+13 7.614539479819368014e-28
2.720857143432943359e+13 7.496114315823919503e-28
2.746058241943894141e+13 7.379531541545627492e-28
2.771492757842336719e+13 7.264762478835020897e-28
2.797162853084694141e+13 7.151778896311411083e-28
2.823070709651830078e+13 7.040553122639058081e-28
2.849218529734567578e+13 6.931060130779802792e-28
2.875608535920806641e+13 6.823276696033907642e-28
2.902242971384491406e+13 6.717175299527288529e-28
2.929124100076273438e+13 6.612725354038181002e-28
2.956254206915933984e+13 6.509899145337731367e-28
2.983635597986654688e+13 6.408671377766539991e-28
3.011270600730963672e+13 6.309017216472805756e-28
3.039161564148617578e+13 6.210912212244028091e-28
3.067310858996258984e+13 6.114332295253722659e-28
3.095720877988917188e+13 6.019253702956274847e-28
3.124394036003443359e+13 5.925651169977864897e-28
3.153332770283702344e+13 5.833498120198287685e-28
3.182539540647788281e+13 5.742772327640744344e-28
3.212016829697101562e+13 5.653455791294027121e-28
3.241767143027356641e+13 5.565528813475303025e-28
3.271793009441614062e+13 5.478969871119561132e-28
3.302096981165152344e+13 5.393757665287746649e-28
3.332681634062459766e+13 5.309871228892584357e-28
3.363549567856174609e+13 5.227289922099086574e-28
3.394703406348048828e+13 5.145993457507823716e-28
3.426145797642028125e+13 5.065963377698939377e-28
3.457879414369262109e+13 4.987183385821853696e-28
3.489906953915333203e+13 4.909634272238146687e-28
3.522231138649525000e+13 4.833293049853522785e-28
3.554854716156211719e+13 4.758138598720787983e-28
3.587780459468460156e+13 4.684152319891938186e-28
3.621011167303657031e+13 4.611316067373650864e-28
3.654549664301458594e+13 4.539611976516608996e-28
3.688398801263872656e+13 4.469022460040939716e-28
3.722561455397563281e+13 4.399530191712919434e-28
3.757040530558480469e+13 4.331116951122420923e-28
3.791838957498594531e+13 4.263762887258993234e-28
3.826959694115077344e+13 4.197450853173354815e-28
3.862405725701707031e+13 4.132168029672909409e-28
3.898180065202610156e+13 4.067900768154957407e-28
3.934285753468421094e+13 4.004633477746603542e-28
3.970725859514669531e+13 3.942350587658921762e-28
4.007503480782706250e+13 3.881036770340753708e-28
4.044621743402976562e+13 3.820676936747585649e-28
4.082083802460727344e+13 3.761256236087293750e-28
4.119892842264254688e+13 3.702760822219345435e-28
4.158052076615480469e+13 3.645178745284470642e-28
4.196564749083185938e+13 3.588496703382808661e-28
4.235434133278709375e+13 3.532698082428130913e-28
4.274663533134182812e+13 3.477767050738722867e-28
4.314256283183442969e+13 3.423689873796561322e-28
4.354215748845361719e+13 3.370453286806284216e-28
4.394545326709981250e+13 3.318044230789054413e-28
4.435248444827210156e+13 3.266449849375633233e-28
4.476328562998190625e+13 3.215657485913122432e-28
4.517789173069459375e+13 3.165654680266681838e-28
4.559633799229648438e+13 3.116429165513063613e-28
4.601865998309114844e+13 3.067968865334356739e-28
4.644489360082257812e+13 3.020261891017600745e-28
4.687507507572634375e+13 2.973296538176289424e-28
4.730924097360995312e+13 2.927061284077228779e-28
4.774742819895982812e+13 2.881544785197519105e-28
4.818967399807896875e+13 2.836735873831132964e-28
4.863601596225278125e+13 2.792623555765647528e-28
4.908649203094409375e+13 2.749197007575830984e-28
4.954114049501892969e+13 2.706433361316557733e-28
5.000000000000000000e+13 2.685212889065600358e-28
